[gd_scene load_steps=16 format=2]

[ext_resource path="res://Plant pot/9431245846-plant.glb" type="PackedScene" id=1]
[ext_resource path="res://ground/grass plane.glb" type="PackedScene" id=2]
[ext_resource path="res://farm/Farm_set.fbx" type="PackedScene" id=3]
[ext_resource path="res://hedge/hedgecool.glb" type="PackedScene" id=4]
[ext_resource path="res://src/environments/plant_garden/main_plant_garden.gd" type="Script" id=5]
[ext_resource path="res://Plant pot/5246850704-plant.glb" type="PackedScene" id=6]
[ext_resource path="res://Plant pot/5482574117-plant.glb" type="PackedScene" id=7]
[ext_resource path="res://Plant pot/2889314329-plant.glb" type="PackedScene" id=8]
[ext_resource path="res://Plant pot/1846973667-plant.glb" type="PackedScene" id=9]
[ext_resource path="res://Plant pot/1305167209-plant.glb" type="PackedScene" id=10]
[ext_resource path="res://Plant pot/7522007913-plant.glb" type="PackedScene" id=11]
[ext_resource path="res://Plant pot/5314589770-plant.glb" type="PackedScene" id=12]
[ext_resource path="res://Plant pot/4770449838-plant.glb" type="PackedScene" id=13]
[ext_resource path="res://Plant pot/2178073862-plant.glb" type="PackedScene" id=14]

[sub_resource type="ConcavePolygonShape" id=2]
data = PoolVector3Array( -10, 0.25, 10, 10, 0.25, 10, -10, -0.25, 10, 10, 0.25, 10, 10, -0.25, 10, -10, -0.25, 10, 10, 0.25, -10, -10, 0.25, -10, 10, -0.25, -10, -10, 0.25, -10, -10, -0.25, -10, 10, -0.25, -10, 10, 0.25, 10, 10, 0.25, -10, 10, -0.25, 10, 10, 0.25, -10, 10, -0.25, -10, 10, -0.25, 10, -10, 0.25, -10, -10, 0.25, 10, -10, -0.25, -10, -10, 0.25, 10, -10, -0.25, 10, -10, -0.25, -10, 10, 0.25, 10, -10, 0.25, 10, 10, 0.25, -10, -10, 0.25, 10, -10, 0.25, -10, 10, 0.25, -10, -10, -0.25, 10, 10, -0.25, 10, -10, -0.25, -10, 10, -0.25, 10, 10, -0.25, -10, -10, -0.25, -10 )

[node name="Plant Garden" type="Spatial"]
script = ExtResource( 5 )

[node name="StaticBody" type="StaticBody" parent="."]
transform = Transform( 1, 0, 0, 0, 1, 0, 0, 0, 1, 0, 0.23913, 0 )

[node name="grass plane" parent="StaticBody" instance=ExtResource( 2 )]
transform = Transform( 1, 0, 0, 0, 1, 0, 0, 0, 1, 40.478, -1.76421, -35.849 )

[node name="CollisionShape" type="CollisionShape" parent="StaticBody"]
transform = Transform( 509.336, 0, 0, 0, 4, 0, 0, 0, 541.767, 40.977, -1.76076, -35.662 )
shape = SubResource( 2 )

[node name="OmniLight" type="OmniLight" parent="."]
transform = Transform( 1, 0, 0, 0, 1, 0, 0, 0, 1, 31.8069, 122.011, -28.8287 )
visible = false
light_color = Color( 0.980392, 1, 0.890196, 1 )
light_energy = 5.037
light_indirect_energy = 1.147
shadow_enabled = true
shadow_color = Color( 0.254902, 0.254902, 0.254902, 1 )
omni_range = 207.086

[node name="Camera" type="Camera" parent="."]
transform = Transform( 1, 0, 0, 0, 0.857068, 0.515203, 0, -0.515203, 0.857068, 0, 17.6375, 9.8625 )

[node name="Farm_set" parent="." instance=ExtResource( 3 )]
transform = Transform( 7, 0, 0, 0, 7, 0, 0, 0, 4, -7.96102, -0.679333, -88.7174 )

[node name="SpotLight" type="SpotLight" parent="."]
transform = Transform( 0.783487, 0.621408, 6.84452e-09, -0.253373, 0.31946, 0.913098, 0.567406, -0.715401, 0.407741, 48.1543, 100.27, 34.8706 )
light_energy = 1.734
light_indirect_energy = 0.0
spot_range = 1831.8
spot_angle = 54.86

[node name="SpotLight2" type="SpotLight" parent="."]
transform = Transform( 0.825188, 0.557424, 0.0913446, -0.477577, 0.602142, 0.639801, 0.301638, -0.57158, 0.763093, 6.82535, 22.9808, 44.5979 )
light_energy = 1.734
light_indirect_energy = 0.0
spot_range = 1831.8
spot_angle = 54.86

[node name="hedge1" parent="." instance=ExtResource( 4 )]
transform = Transform( 10, 0, 0, 0, 10, 0, 0, 0, 1, -31.2817, -1.32809, 63.6116 )

[node name="hedge12" parent="hedge1" instance=ExtResource( 4 )]
transform = Transform( 1, 0, 0, 0, 1, 0, 0, 0, 1, 4.50415, 0, -0.142914 )

[node name="hedge13" parent="hedge1" instance=ExtResource( 4 )]
transform = Transform( 1, 0, 0, 0, 1, 0, 0, 0, 1, 8.82219, 0, 0 )

[node name="hedge14" parent="hedge1" instance=ExtResource( 4 )]
transform = Transform( 1, 0, 0, 0, 1, 0, 0, 0, 1, 15.3365, 0, 0 )

[node name="hedge15" parent="hedge1" instance=ExtResource( 4 )]
transform = Transform( 1, 0, 0, 0, 1, 0, 0, 0, 1, 12.2415, 0, -0.13002 )

[node name="StaticBody" type="StaticBody" parent="hedge1"]
transform = Transform( 51.556, 0, 0, 0, 5.1287, 0, 0, 0, 1, 7.45873, 0.950709, 0 )

[node name="CollisionShape" type="CollisionShape" parent="hedge1/StaticBody"]
transform = Transform( 1, 0, 0, 0, 1, 0, 0, 0, 1, 1.49012e-08, 0, 0 )

[node name="hedge2" parent="." instance=ExtResource( 4 )]
transform = Transform( 10, 0, 0, 0, 10, 0, 0, 0, 1, -31.2817, -1.32809, -135.5 )

[node name="hedge12" parent="hedge2" instance=ExtResource( 4 )]
transform = Transform( 1, 0, 0, 0, 1, 0, 0, 0, 1, 4.50415, 0, 0.369293 )

[node name="hedge13" parent="hedge2" instance=ExtResource( 4 )]
transform = Transform( 1, 0, 0, 0, 1, 0, 0, 0, 1, 8.82219, 0, 0 )

[node name="hedge14" parent="hedge2" instance=ExtResource( 4 )]
transform = Transform( 1, 0, 0, 0, 1, 0, 0, 0, 1, 15.3365, 0, 0 )

[node name="hedge15" parent="hedge2" instance=ExtResource( 4 )]
transform = Transform( 1, 0, 0, 0, 1, 0, 0, 0, 1, 12.2415, 0, 0.301941 )

[node name="StaticBody" type="StaticBody" parent="hedge2"]
transform = Transform( 51.556, 0, 0, 0, 5.1287, 0, 0, 0, 1, 7.45872, 0.950709, 0.238663 )

[node name="CollisionShape2" type="CollisionShape" parent="hedge2/StaticBody"]

[node name="hedge3" parent="." instance=ExtResource( 4 )]
transform = Transform( -4.37114e-07, 0, 1, 0, 10, 0, -10, 0, -4.37114e-08, -58.9067, -1.32809, 36.4117 )

[node name="hedge12" parent="hedge3" instance=ExtResource( 4 )]
transform = Transform( 1, 0, -4.44089e-16, 0, 1, 0, 8.52651e-14, 0, 1, 4.50415, 0, 0.698296 )

[node name="hedge13" parent="hedge3" instance=ExtResource( 4 )]
transform = Transform( 1, 0, 0, 0, 1, 0, 0, 0, 1, 8.82219, 0, 0 )

[node name="hedge14" parent="hedge3" instance=ExtResource( 4 )]
transform = Transform( 1, 0, 0, 0, 1, 0, 0, 0, 1, 15.3365, 0, 0 )

[node name="hedge15" parent="hedge3" instance=ExtResource( 4 )]
transform = Transform( 1, 0, -4.44089e-16, 0, 1, 0, 8.52651e-14, 0, 1, 12.2415, 0, 0.284546 )

[node name="StaticBody" type="StaticBody" parent="hedge3"]
transform = Transform( -99.3387, 0, -7.9685e-08, 0, 5.1287, 0, 8.68443e-06, 0, -0.91149, 7.45125, 0.950709, 0.291557 )

[node name="CollisionShape3" type="CollisionShape" parent="hedge3/StaticBody"]
transform = Transform( 1, 0, -1.11022e-16, 0, 1, 0, -3.63798e-12, 0, 1, 0, 0, -7.62939e-06 )

[node name="hedge4" parent="." instance=ExtResource( 4 )]
transform = Transform( -4.37114e-07, 0, 1, 0, 10, 0, -10, 0, -4.37114e-08, 139.78, -1.32809, 36.4117 )

[node name="hedge12" parent="hedge4" instance=ExtResource( 4 )]
transform = Transform( 1, 0, -4.44089e-16, 0, 1, 0, 8.52651e-14, 0, 1, 4.50415, 0, -0.0782776 )

[node name="hedge13" parent="hedge4" instance=ExtResource( 4 )]
transform = Transform( 1, 0, 0, 0, 1, 0, 0, 0, 1, 8.82219, 0, 0 )

[node name="hedge14" parent="hedge4" instance=ExtResource( 4 )]
transform = Transform( 1, 0, 0, 0, 1, 0, 0, 0, 1, 15.3365, 0, 0 )

[node name="hedge15" parent="hedge4" instance=ExtResource( 4 )]
transform = Transform( 1, 0, -4.44089e-16, 0, 1, 0, 8.52651e-14, 0, 1, 12.2415, 0, -0.132095 )

[node name="StaticBody" type="StaticBody" parent="hedge4"]
transform = Transform( -99.3387, 0, -7.9685e-08, 0, 5.1287, 0, 8.68443e-06, 0, -0.91149, 7.45125, 0.950709, 0.0666351 )

[node name="CollisionShape4" type="CollisionShape" parent="hedge4/StaticBody"]
transform = Transform( 1, 0, -1.11022e-16, 0, 1, 0, -3.63798e-12, 0, 1, 0, 0, 0 )

[node name="1305167209-plant" parent="." instance=ExtResource( 10 )]
transform = Transform( 0.522409, 0, -0.852695, 0, 1, 0, 0.852695, 0, 0.522409, -1.24075, -0.52163, 2.33613 )

[node name="1846973667-plant" parent="." instance=ExtResource( 9 )]
transform = Transform( 0.898664, 0, -0.438638, 0, 1, 0, 0.438638, 0, 0.898664, 0.725254, -0.509597, -5.92835 )

[node name="2178073862-plant" parent="." instance=ExtResource( 14 )]
transform = Transform( 0.898664, 0, -0.438638, 0, 1, 0, 0.438638, 0, 0.898664, 0.438149, -0.52163, -14.6596 )

[node name="2889314329-plant" parent="." instance=ExtResource( 8 )]
transform = Transform( 0.898664, 0, -0.438638, 0, 1, 0, 0.438638, 0, 0.898664, 0.705423, -0.52163, -24.2179 )

[node name="4770449838-plant" parent="." instance=ExtResource( 13 )]
transform = Transform( 0.898664, 0, -0.438638, 0, 1, 0, 0.438638, 0, 0.898664, 0.626121, -0.52163, -33.619 )

[node name="5246850704-plant" parent="." instance=ExtResource( 6 )]
transform = Transform( 0.503307, 0, 0.864108, 0, 1, 0, -0.864108, 0, 0.503307, -20.7697, -0.52163, -18.6468 )

[node name="5314589770-plant" parent="." instance=ExtResource( 12 )]
transform = Transform( 0.503307, 0, 0.864108, 0, 1, 0, -0.864108, 0, 0.503307, -20.7697, -0.52163, -28.2961 )

[node name="5482574117-plant" parent="." instance=ExtResource( 7 )]
transform = Transform( 0.503307, 0, 0.864108, 0, 1, 0, -0.864108, 0, 0.503307, -20.7697, -0.52163, -37.6422 )

[node name="7522007913-plant" parent="." instance=ExtResource( 11 )]
transform = Transform( 0.503307, 0, 0.864108, 0, 1, 0, -0.864108, 0, 0.503307, -20.7697, -0.52163, -10.2258 )

[node name="9431245846-plant" parent="." instance=ExtResource( 1 )]
transform = Transform( 0.503307, 0, 0.864108, 0, 1, 0, -0.864108, 0, 0.503307, -20.2206, -0.52163, -1.59352 )
