[gd_scene load_steps=16 format=2]

[ext_resource path="res://plant pots/plant3/2178073862-plant.glb" type="PackedScene" id=1]
[ext_resource path="res://ground/grass plane.glb" type="PackedScene" id=2]
[ext_resource path="res://farm/Farm_set.fbx" type="PackedScene" id=3]
[ext_resource path="res://hedge/hedgecool.glb" type="PackedScene" id=4]
[ext_resource path="res://src/environments/plant_garden/main_plant_garden.gd" type="Script" id=5]
[ext_resource path="res://plant pots/plant5/4770449838-plant.glb" type="PackedScene" id=6]
[ext_resource path="res://plant pots/plant8/5482574117-plant.glb" type="PackedScene" id=7]
[ext_resource path="res://plant pots/plant2/1846973667-plant.glb" type="PackedScene" id=8]
[ext_resource path="res://plant pots/plant4/2889314329-plant.glb" type="PackedScene" id=9]
[ext_resource path="res://plant pots/plant6/5246850704-plant.glb" type="PackedScene" id=10]
[ext_resource path="res://plant pots/plant1/1305167209-plant.glb" type="PackedScene" id=11]
[ext_resource path="res://plant pots/plant9/7522007913-plant.glb" type="PackedScene" id=12]
[ext_resource path="res://plant pots/plant7/5314589770-plant.glb" type="PackedScene" id=13]
[ext_resource path="res://plant pots/plant10/9431245846-plant.glb" type="PackedScene" id=14]

[sub_resource type="ConcavePolygonShape" id=2]
data = PoolVector3Array( -10, 0.25, 10, 10, 0.25, 10, -10, -0.25, 10, 10, 0.25, 10, 10, -0.25, 10, -10, -0.25, 10, 10, 0.25, -10, -10, 0.25, -10, 10, -0.25, -10, -10, 0.25, -10, -10, -0.25, -10, 10, -0.25, -10, 10, 0.25, 10, 10, 0.25, -10, 10, -0.25, 10, 10, 0.25, -10, 10, -0.25, -10, 10, -0.25, 10, -10, 0.25, -10, -10, 0.25, 10, -10, -0.25, -10, -10, 0.25, 10, -10, -0.25, 10, -10, -0.25, -10, 10, 0.25, 10, -10, 0.25, 10, 10, 0.25, -10, -10, 0.25, 10, -10, 0.25, -10, 10, 0.25, -10, -10, -0.25, 10, 10, -0.25, 10, -10, -0.25, -10, 10, -0.25, 10, 10, -0.25, -10, -10, -0.25, -10 )

[node name="Plant Garden" type="Spatial"]
script = ExtResource( 5 )

[node name="StaticBody" type="StaticBody" parent="."]
transform = Transform( 1, 0, 0, 0, 1, 0, 0, 0, 1, 0, 0.23913, 0 )

[node name="grass plane" parent="StaticBody" instance=ExtResource( 2 )]
transform = Transform( 1, 0, 0, 0, 1, 0, 0, 0, 1, 40.478, -1.76421, -35.849 )

[node name="CollisionShape" type="CollisionShape" parent="StaticBody"]
transform = Transform( 509.336, 0, 0, 0, 4, 0, 0, 0, 541.767, 40.977, -1.76076, -35.662 )
shape = SubResource( 2 )

[node name="OmniLight" type="OmniLight" parent="."]
transform = Transform( 1, 0, 0, 0, 1, 0, 0, 0, 1, 31.8069, 122.011, -28.8287 )
visible = false
light_color = Color( 0.980392, 1, 0.890196, 1 )
light_energy = 5.037
light_indirect_energy = 1.147
shadow_enabled = true
shadow_color = Color( 0.254902, 0.254902, 0.254902, 1 )
omni_range = 207.086

[node name="Camera" type="Camera" parent="."]
transform = Transform( 1, 0, 0, 0, 0.857068, 0.515203, 0, -0.515203, 0.857068, 0, 17.6375, 9.8625 )

[node name="Farm_set" parent="." instance=ExtResource( 3 )]
transform = Transform( 6.89848, 0, -0.678774, 0, 7, 0, 1.18785, 0, 3.94199, 4.32734, -0.463085, -95.0372 )

[node name="SpotLight" type="SpotLight" parent="."]
transform = Transform( 0.783487, 0.621408, 6.84452e-09, -0.253373, 0.31946, 0.913098, 0.567406, -0.715401, 0.407741, 48.1543, 100.27, 34.8706 )
light_energy = 1.734
light_indirect_energy = 0.0
spot_range = 1831.8
spot_angle = 54.86

[node name="SpotLight2" type="SpotLight" parent="."]
transform = Transform( 0.825188, 0.557424, 0.0913446, -0.477577, 0.602142, 0.639801, 0.301638, -0.57158, 0.763093, 6.82535, 22.9808, 44.5979 )
light_energy = 1.734
light_indirect_energy = 0.0
spot_range = 1831.8
spot_angle = 54.86

[node name="hedge1" parent="." instance=ExtResource( 4 )]
transform = Transform( 10, 0, 0, 0, 10, 0, 0, 0, 1, -31.2817, -1.32809, 63.6116 )

[node name="hedge12" parent="hedge1" instance=ExtResource( 4 )]
transform = Transform( 1, 0, 0, 0, 1, 0, 0, 0, 1, 4.50415, 0, -0.142914 )

[node name="hedge13" parent="hedge1" instance=ExtResource( 4 )]
transform = Transform( 1, 0, 0, 0, 1, 0, 0, 0, 1, 8.82219, 0, 0 )

[node name="hedge14" parent="hedge1" instance=ExtResource( 4 )]
transform = Transform( 1, 0, 0, 0, 1, 0, 0, 0, 1, 15.3365, 0, 0 )

[node name="hedge15" parent="hedge1" instance=ExtResource( 4 )]
transform = Transform( 1, 0, 0, 0, 1, 0, 0, 0, 1, 12.2415, 0, -0.13002 )

[node name="StaticBody" type="StaticBody" parent="hedge1"]
transform = Transform( 51.556, 0, 0, 0, 5.1287, 0, 0, 0, 1, 7.45873, 0.950709, 0 )

[node name="CollisionShape" type="CollisionShape" parent="hedge1/StaticBody"]
transform = Transform( 1, 0, 0, 0, 1, 0, 0, 0, 1, 1.49012e-08, 0, 0 )

[node name="hedge2" parent="." instance=ExtResource( 4 )]
transform = Transform( 10, 0, 0, 0, 10, 0, 0, 0, 1, -31.2817, -1.32809, -135.5 )

[node name="hedge12" parent="hedge2" instance=ExtResource( 4 )]
transform = Transform( 1, 0, 0, 0, 1, 0, 0, 0, 1, 4.50415, 0, 0.369293 )

[node name="hedge13" parent="hedge2" instance=ExtResource( 4 )]
transform = Transform( 1, 0, 0, 0, 1, 0, 0, 0, 1, 8.82219, 0, 0 )

[node name="hedge14" parent="hedge2" instance=ExtResource( 4 )]
transform = Transform( 1, 0, 0, 0, 1, 0, 0, 0, 1, 15.3365, 0, 0 )

[node name="hedge15" parent="hedge2" instance=ExtResource( 4 )]
transform = Transform( 1, 0, 0, 0, 1, 0, 0, 0, 1, 12.2415, 0, 0.301941 )

[node name="StaticBody" type="StaticBody" parent="hedge2"]
transform = Transform( 51.556, 0, 0, 0, 5.1287, 0, 0, 0, 1, 7.45872, 0.950709, 0.238663 )

[node name="CollisionShape2" type="CollisionShape" parent="hedge2/StaticBody"]

[node name="hedge3" parent="." instance=ExtResource( 4 )]
transform = Transform( -4.37114e-07, 0, 1, 0, 10, 0, -10, 0, -4.37114e-08, -58.9067, -1.32809, 33.9768 )

[node name="hedge1" parent="hedge3" instance=ExtResource( 4 )]
transform = Transform( 1, 0, -3.10862e-15, 0, 1, 0, 6.53699e-13, 0, 1, 4.64172, 0, -3.43323e-05 )

[node name="hedge12" parent="hedge3" instance=ExtResource( 4 )]
transform = Transform( 1, 0, -4.44089e-16, 0, 1, 0, 5.11591e-13, 0, 1, 9.2948, 0, -1.52588e-05 )

[node name="hedge14" parent="hedge3" instance=ExtResource( 4 )]
transform = Transform( 1, 0, -4.44089e-16, 0, 1, 0, 1.98952e-13, 0, 1, 13.9374, 0, -2.28882e-05 )

[node name="hedge14" parent="hedge3/hedge14" instance=ExtResource( 4 )]
transform = Transform( 1, 0, -4.44089e-16, 0, 1, 0, 4.83169e-13, 0, 1, 4.64539, 0, -1.90735e-05 )

[node name="StaticBody" type="StaticBody" parent="hedge3"]
transform = Transform( -99.3387, 0, -7.9685e-08, 0, 5.1287, 0, 8.68443e-06, 0, -0.91149, 7.45125, 0.950709, 0.291557 )

[node name="CollisionShape3" type="CollisionShape" parent="hedge3/StaticBody"]
transform = Transform( 1, 0, -1.11022e-16, 0, 1, 0, -3.63798e-12, 0, 1, 0, 0, -7.62939e-06 )

[node name="hedge4" parent="." instance=ExtResource( 4 )]
transform = Transform( -4.37114e-07, 0, 1, 0, 10, 0, -10, 0, -4.37114e-08, 139.78, -1.32809, 36.4117 )

[node name="hedge12" parent="hedge4" instance=ExtResource( 4 )]
transform = Transform( 1, 0, -4.44089e-16, 0, 1, 0, 8.52651e-14, 0, 1, 4.50415, 0, -0.0782776 )

[node name="hedge13" parent="hedge4" instance=ExtResource( 4 )]
transform = Transform( 1, 0, 0, 0, 1, 0, 0, 0, 1, 8.82219, 0, 0 )

[node name="hedge14" parent="hedge4" instance=ExtResource( 4 )]
transform = Transform( 1, 0, 0, 0, 1, 0, 0, 0, 1, 15.3365, 0, 0 )

[node name="hedge15" parent="hedge4" instance=ExtResource( 4 )]
transform = Transform( 1, 0, -4.44089e-16, 0, 1, 0, 8.52651e-14, 0, 1, 12.2415, 0, -0.132095 )

[node name="StaticBody" type="StaticBody" parent="hedge4"]
transform = Transform( -99.3387, 0, -7.9685e-08, 0, 5.1287, 0, 8.68443e-06, 0, -0.91149, 7.45125, 0.950709, 0.0666351 )

[node name="CollisionShape4" type="CollisionShape" parent="hedge4/StaticBody"]
transform = Transform( 1, 0, -1.11022e-16, 0, 1, 0, -3.63798e-12, 0, 1, 0, 0, 0 )

[node name="Plant-Row1" type="Spatial" parent="."]
transform = Transform( 1, 0, 0, 0, 1, 0, 0, 0, 1, 23.0193, 0, 0 )

[node name="1305167209-plant" parent="Plant-Row1" instance=ExtResource( 11 )]
transform = Transform( 0.417344, 0, -0.908749, 0, 1, 0, 0.908749, 0, 0.417344, -0.852314, 0, -20.4375 )

[node name="1846973667-plant" parent="Plant-Row1" instance=ExtResource( 8 )]
transform = Transform( 0.506154, 0, -0.862443, 0, 1, 0, 0.862443, 0, 0.506154, -0.802406, -0.521632, -32.9549 )

[node name="2178073862-plant" parent="Plant-Row1" instance=ExtResource( 1 )]
transform = Transform( 0.346657, 0, -0.937992, 0, 1, 0, 0.937992, 0, 0.346657, -0.756256, 0, -45.8748 )

[node name="2889314329-plant" parent="Plant-Row1" instance=ExtResource( 9 )]
transform = Transform( 0.422776, 0, -0.906234, 0, 1, 0, 0.906234, 0, 0.422776, -0.756256, 0, -61.0403 )

[node name="4770449838-plant" parent="Plant-Row1" instance=ExtResource( 6 )]
transform = Transform( 0.385052, 0, -0.922895, 0, 1, 0, 0.922895, 0, 0.385052, -0.756256, 0, -73.5263 )

[node name="Plant-Row2" type="Spatial" parent="."]

[node name="5246850704-plant" parent="Plant-Row2" instance=ExtResource( 10 )]
transform = Transform( 0.444776, 0, 0.895642, 0, 1, 0, -0.895642, 0, 0.444776, -22.4702, 0, -20.251 )

[node name="5314589770-plant" parent="Plant-Row2" instance=ExtResource( 13 )]
transform = Transform( 0.811227, 0, 0.584731, 0, 1, 0, -0.584731, 0, 0.811227, -22.4702, 0, -32.8499 )

[node name="5482574117-plant" parent="Plant-Row2" instance=ExtResource( 7 )]
transform = Transform( 0.919753, 0, 0.392498, 0, 1, 0, -0.392498, 0, 0.919753, -22.4702, 0, -46.3633 )

[node name="7522007913-plant" parent="Plant-Row2" instance=ExtResource( 12 )]
transform = Transform( 0.764742, 0, 0.644337, 0, 1, 0, -0.644337, 0, 0.764742, -22.7112, 0, -60.3157 )

[node name="9431245846-plant" parent="Plant-Row2" instance=ExtResource( 14 )]
transform = Transform( 0.945359, 0, 0.32603, 0, 1, 0, -0.32603, 0, 0.945359, -22.4702, 0, -72.886 )

[node name="CollisionShape" type="CollisionShape" parent="Plant-Row2"]
transform = Transform( 9.61108, 0, 0, 0, 22.8732, 0, 0, 0, 108.624, 5.13534, 13.8363, -16.4847 )
